0
0.001441337612248215884272473097382771812
0.008379272299081169661505441581539344043
-0.006653932157111806626470507097792506102
-0.050341118748973123775414251213078387082
-0.018686842517092305121506612408666114789
0.174845580863663641046912289311876520514
0.391015702648184138023879086176748387516
0.391015702648184138023879086176748387516
0.174845580863663641046912289311876520514
-0.018686842517092305121506612408666114789
-0.050341118748973123775414251213078387082
-0.006653932157111806626470507097792506102
0.008379272299081169661505441581539344043
0.001441337612248215884272473097382771812
0                                        